0000001 0000001
0000010 1000001
0000011 1111110
0000100 1100001
0000101 0101010
0000110 0111111
0000111 0110110
0001000 1110001
0001001 0010010
0001010 0010101
0001011 1001010
0001100 1011110
0001101 1001111
0001110 0011011
0001111 1100111
0010000 1111001
0010001 1011100
0010010 0001001
0010011 1110000
0010100 1001011
0010101 0001010
0010110 0100101
0010111 1000100
0011000 0101111
0011001 0100011
0011010 1100110
0011011 0001110
0011100 1001100
0011101 1000111
0011110 1110010
0011111 1101110
0100000 1111101
0100001 1011011
0100010 0101110
0100011 0011001
0100100 1000101
0100101 0010110
0100110 0111000
0100111 0111101
0101000 1100100
0101001 1110111
0101010 0000101
0101011 1100000
0101100 1010011
0101101 1111011
0101110 0100010
0101111 0011000
0110000 1010110
0110001 1110100
0110010 1010000
0110011 0110100
0110100 0110011
0110101 1010001
0110110 0000111
0110111 0111110
0111000 0100110
0111001 0111100
0111010 1100010
0111011 1001001
0111100 0111001
0111101 0100111
0111110 0110111
0111111 0000110
1000000 1111111
1000001 0000010
1000010 1101100
1000011 1010100
1000100 0010111
1000101 0100100
1000110 1001101
1000111 0011101
1001000 1100011
1001001 0111011
1001010 0001011
1001011 0010100
1001100 0011100
1001101 1000110
1001110 1011111
1001111 0001101
1010000 0110010
1010001 0110101
1010010 1111010
1010011 0101100
1010100 1000011
1010101 1101101
1010110 0110000
1010111 1110101
1011000 1101000
1011001 1101011
1011010 1111100
1011011 0100001
1011100 0010001
1011101 1111000
1011110 0001100
1011111 1001110
1100000 0101011
1100001 0000100
1100010 0111010
1100011 1001000
1100100 0101000
1100101 1110110
1100110 0011010
1100111 0001111
1101000 1011000
1101001 1101010
1101010 1101001
1101011 1011001
1101100 1000010
1101101 1010101
1101110 0011111
1101111 1110011
1110000 0010011
1110001 0001000
1110010 0011110
1110011 1101111
1110100 0110001
1110101 1010111
1110110 1100101
1110111 0101001
1111000 1011101
1111001 0010000
1111010 1010010
1111011 0101101
1111100 1011010
1111101 0100000
1111110 0000011
1111111 1000000
