0001 1000 0010 0001 1000 0001 1110 1100 1000 0010
0010 1000 0010 0001 1110 1100 1101 0011 0110 0111
0011 1000 0010 0001 1101 0011 0011 0011 1010 0101
0100 1000 0010 0001 0011 0011 0101 0100 0001 0110
0101 1000 0010 0001 0101 0100 1001 0011 1100 1000
0110 1000 0010 0001 1001 0011 1111 0001 0111 0110
0111 1000 0010 0001 1111 0001 0000 0010 1111 1100
1000 1000 0010 0001 0000 0010 0110 0101 0000 0001
1001 1000 0010 0001 0110 0101 0001 0110 1111 0011
1010 1000 0010 0001 0001 0110 0100 1110 0111 0001
1011 1000 0010 0001 0100 1110 1100 1100 1100 0100
1100 1000 0010 0001 1100 1100 0101 1001 0001 0111
1101 1000 0010 0001 0101 1001 1001 1010 1010 1111
1110 1000 0010 0001 1001 1010 1001 1110 0110 0001
